24      223811
21      223747
19      223737
9       223602
17      223701
4       223458
8       223558
18      223709
22      223752
10      223603
7       223524
40      223948
5       223500
31      223854
29      223848
14      223623
3       223452
33      223911
38      223929
15      223644
36      223923
23      223753
25      223820
30      223849
39      223932
34      223916
37      223928
1       223438
16      223650
12      223615
28      223847
11      223607
13      223622
26      223825
20      223743
27      223826
41      223950
32      223857
35      223919
6       223519
2       223450
